1 -2.004376305035333 -2.2936869259103494 5.585260448176005 1.0
2 -2.7771184616343616 -2.798059829982284 7.335125307141498 1.0
3 -2.780836551211877 -2.692856852712512 7.454616621423778 1.0
4 -2.825373883333428 -2.5710314529572007 7.449778927378009 1.0
5 -2.7112926730676925 -2.6431787248296352 7.5514663840627065 1.0
6 -2.8252945412708237 -2.4431915733814207 7.470556160644571 1.0
7 -2.768696294009373 -1.352196983334628 5.378097233307621 1.0
8 -2.665103129289878 -2.547230397765271 7.637735560379008 1.0
9 -2.7693200176936865 -1.3104768891273757 5.414613940906447 1.0
10 -2.7559531255797336 -1.2565050654700223 5.436538616421645 1.0
11 -2.7414517797800513 -1.208999358177241 5.4430861849281476 1.0
12 -2.7779134600756317 -2.260469091944766 7.584572422784686 1.0
13 -2.6664933847492285 -2.3684121294258946 7.758199281547019 1.0
14 -2.643009145707272 -2.3241358046973724 7.787763250666411 1.0
15 2.213232970843606 -2.5166243406494075 5.771891530548113 1.0
16 -2.812060072174478 -2.1589892337878687 7.669286712503199 1.0
17 -2.600961115334274 -2.264128853553715 7.8068206394402795 1.0
18 2.227622272595917 -2.4691385111438873 5.768972924880008 1.0
19 -2.7442561239045564 -2.2126014490579453 7.828536594894025 1.0
20 -2.727795000870192 -1.0777895808335884 5.534877333344284 1.0
21 2.2386301156979584 -2.4247580775837294 5.8102731333024895 1.0
22 -2.75202315640737 -0.9861510235098496 5.511663933065369 1.0
23 -2.8222442156257617 -2.056729253717276 7.748135074323541 1.0
24 -2.6635635438908425 -1.0325924780482685 5.5902545023925505 1.0
25 -2.905727461362564 -1.9756787970685312 7.7008649339029835 1.0
26 -2.766116765575643 -0.8881529342957983 5.546796376812205 1.0
27 -2.8632326246789845 -1.9525611220508852 7.901569710693616 1.0
28 -2.8562807859679267 -2.0065820979378532 8.017368434880765 1.0
29 -2.7333338778770413 -2.049083255503071 8.047780875441925 1.0
30 -2.6914252691824903 -2.100689947574921 8.174889294695264 1.0
31 2.291759311691625 -2.256919315747552 5.852430791752464 1.0
32 -2.861807630775526 -1.8046260998232098 7.683091298592722 1.0
33 -2.4329780502435847 -2.0641634371668216 8.063735845834232 1.0
34 -2.7690244284298022 -1.9448046250667834 8.200197979186058 1.0
35 1.1619990220111795 -1.5666525968696787 5.2341229948045775 1.0
36 -2.741898516914575 -0.7405747095104463 5.651603431606115 1.0
37 -2.6212737858480786 -0.7999043714654543 5.719519662455456 1.0
38 -2.5834483346874744 -1.9817931902920765 8.223883574814076 1.0
39 -0.34229884104884795 -1.7405633571463501 6.520649560980108 1.0
40 -2.8548517707727075 -1.6551935914354274 7.750524230160224 1.0
41 2.2416425146104992 -2.119355824989355 5.934113183180838 1.0
42 2.4058657969679804 -2.1471779137690454 5.899705999344322 1.0
43 -2.4040964865245433 -1.9339724922116666 8.148132953220788 1.0
44 -0.33536664283781675 -1.6981439411184138 6.565818502824301 1.0
45 -2.72711776601196 -0.6550039940453932 5.633733671625665 1.0
46 1.185631119384042 -1.483357451732305 5.269435824347359 1.0
47 -2.756070682153115 -1.837871632786117 8.239062155263193 1.0
48 -2.5612598596807143 -1.8738550113811698 8.25934337983587 1.0
49 2.3473117162876704 -2.058596417997084 5.94219195793607 1.0
50 -2.7444719688031074 -0.614128808656802 5.68469051390111 1.0
51 -2.8326296845677286 -1.5335242826549491 7.84572903529064 1.0
52 -0.31112948620417363 -1.5938586561521528 6.6171148910092334 1.0
53 -2.7508152394747594 -1.678191255413074 8.188564505146198 1.0
54 -2.3974870360465657 -1.793187002377226 8.235447396581062 1.0
55 -2.833526381331937 -1.5853514987899258 8.068048222709027 1.0
56 -2.84793770355811 -1.6501836667598426 8.215331518048147 1.0
57 -2.5904941838494264 -1.731912850287417 8.258178263125558 1.0
58 2.296120136855125 -1.9824939623145368 5.989173084274638 1.0
59 2.439299257578401 -1.99867453659485 5.952807230998713 1.0
60 -2.7869258657917357 -0.48988342076170194 5.646424948634615 1.0
61 -2.480455096393071 -0.6412606123827109 5.870517252521567 1.0
62 1.2202505183014123 -1.3590684091087755 5.310749924761485 1.0
63 2.2969294971590424 -1.9033328322513743 6.008022749142302 1.0
64 2.4738060056526394 -1.9419184515606185 5.9851211777106315 1.0
65 -0.2709426804643985 -1.458759577353801 6.657946668871151 1.0
66 -2.7647770542633174 -0.3740837011121105 5.667503109565412 1.0
67 2.301225175981485 -1.860387069343553 6.033822121690249 1.0
68 -2.4790576733183793 -0.5607855351197473 5.9677352264214 1.0
69 1.3204982679001818 -1.2510323996958315 5.3665045651433 1.0
70 1.179574307577791 -1.2238854287933278 5.39160204275383 1.0
71 2.585882226513825 -1.8693480299004681 6.029734971526588 1.0
72 -2.549735970819165 -0.4767150899708754 5.966717021274737 1.0
73 2.233874194070135 -1.7900806655144503 6.100871185099121 1.0
74 -2.7733625988616253 -0.31647295736170555 5.729650523425296 1.0
75 -2.65686895412542 -0.3828705357459683 5.949943748435951 1.0
76 -2.5580273679195025 -0.43114169866860574 6.015057770909951 1.0
77 -2.7089961132737335 -1.4327499665706847 8.411930786806323 1.0
78 -2.738323263567889 -0.23371826745578886 5.686289911441401 1.0
79 -2.4608072407122528 -1.4061739852712394 8.249424411350404 1.0
80 -2.4477632063311376 -0.43948552281255965 6.0354990734166565 1.0
81 -0.3607354091622604 -1.2863264871730602 6.72865824808092 1.0
82 -0.12483545531008801 -1.3559330916477557 6.756524298185118 1.0
83 2.6559145601915994 -1.7642484487508112 6.024587552943792 1.0
84 2.2366779328580213 -1.6778144702617277 6.116798487146639 1.0
85 -0.2871003212999352 -1.2831614175847688 6.908923952649929 1.0
86 1.2230957242769203 -1.0505134676829848 5.45015619730407 1.0
87 1.371597884328158 -1.0876846494361974 5.444392375085758 1.0
88 -2.7012831354526483 -0.12567109176772576 5.753064024331644 1.0
89 -2.684685144478499 -0.2164725453695197 5.995565092960648 1.0
90 -2.446472647905236 -0.31765661268188733 6.077440505203603 1.0
91 2.703101077217783 -1.6697908856447736 6.033451051820106 1.0
92 -2.5619001832576034 -0.24875527724615584 6.032805225789155 1.0
93 2.240961019566903 -1.5839988053281853 6.1693511188226235 1.0
94 -2.762662064062758 -1.1372832916705213 8.356045909451916 1.0
95 -2.5566928160090536 -1.282964861069046 8.554486297889689 1.0
96 -2.6271420064191804 -1.2523129130654964 8.54925063010771 1.0
97 -2.3376560207007593 -1.3131747393248547 8.533497796382347 1.0
98 -2.652526959095466 -1.1844155777159895 8.43033899259102 1.0
99 -0.2162430191622437 -1.1827695358485657 6.942514005694141 1.0
100 1.3434556434193363 -0.9939711694221207 5.513752322793938 1.0
101 1.159039264315628 -0.9447340627919216 5.530222584165402 1.0
102 1.4713547449909685 -1.0082803901449804 5.474349782819037 1.0
103 -2.5951846540947328 -1.2196954709151222 8.66289546754525 1.0
104 2.714905808487404 -1.5841395681857295 6.111212973020629 1.0
105 -2.657233105404211 -0.09272681073518807 6.0520278080444765 1.0
106 -2.734228808123457 -0.9389584927924178 8.109063607067418 1.0
107 -2.4565771342760665 -1.2259123222192052 8.652188713787162 1.0
108 -0.3073380435687446 -1.0423593433611409 6.856653776712874 1.0
109 1.3547501143685883 -0.9479559325944441 5.547511769549297 1.0
110 1.1894159802410735 -0.8765838399053831 5.525307793096759 1.0
111 1.4937090381296922 -0.9414233618520832 5.472696477830334 1.0
112 2.4758239975087264 -1.555378994271054 6.337771488796779 1.0
113 -0.3253718481919221 -1.0119447501184606 6.922477291074545 1.0
114 2.625232241415896 -1.5438511702281068 6.227165620461212 1.0
115 -0.04059087900074851 -1.0661684266567515 6.873548767003849 1.0
116 2.36494928588872 -1.4973789465363747 6.304872969016757 1.0
117 -2.774198288424737 -0.9001660678674903 8.267553555330174 1.0
118 -2.54879272006957 -1.127897993308945 8.711792276130879 1.0
119 -2.2821390849864254 -1.1702991651854704 8.613150027475912 1.0
120 -2.465132300596647 -1.1409826574038078 8.732984293041879 1.0
121 -2.722034617836401 -1.0304089178303037 8.658059929216718 1.0
122 -0.4226744914814583 -0.9307684357338275 6.972138348427758 1.0
123 -0.20248564980580785 -1.036081121093586 7.058380852502201 1.0
124 0.040279549881588564 -1.0517053041147575 6.954514990324843 1.0
125 -2.700917650578957 -0.7578804499273222 8.100384311787947 1.0
126 1.260776289668674 -0.848904190947268 5.699026520335401 1.0
127 1.1676847805379287 -0.7696911836853731 5.619629387544371 1.0
128 1.402421866037751 -0.8643487951202191 5.653447024892908 1.0
129 1.5417227785995504 -0.8504898147015162 5.568413958410725 1.0
130 -2.3486887249498682 -1.0724472579443742 8.78861079607946 1.0
131 -2.7209640358857112 -0.7308438367443776 8.25794369900562 1.0
132 -0.46208757225267055 -0.7762224518811031 6.927370961026336 1.0
133 2.4229809920420924 -1.3519742133228738 6.35424541475104 1.0
134 0.18312277818661693 -0.9694893496151757 7.0050242524817765 1.0
135 -2.610483624206327 0.13806117346087668 6.145595614521909 1.0
136 -2.511735882378368 0.09164601472582518 6.20931066527759 1.0
137 -2.113532779444937 -0.9568096463237765 8.606694561308235 1.0
138 -2.6419115348100473 0.25541085024556237 5.928986510778974 1.0
139 -2.573499079362516 -0.8888172103228071 8.797188816181556 1.0
140 -2.381963740196873 0.06559896692568008 6.246564086768179 1.0
141 -2.3351364896569935 -0.9081357234074323 8.75116774125718 1.0
142 -2.6627348490784906 0.3183877683053795 5.911344104392063 1.0
143 -2.321371289135365 0.07851978797704691 6.301685750997913 1.0
144 1.931238917369359 -1.1472957027606188 6.446052420570377 1.0
145 2.719557985687857 -1.24593288470001 6.237553203723749 1.0
146 2.4355897106724402 -1.2389716117057694 6.444286913091495 1.0
147 -0.5080387384990248 -0.8261673931217599 7.5394982936997454 1.0
148 -0.5725425318986292 -0.8160542668493438 7.574694926129092 1.0
149 -2.648795277831741 0.297929215722924 6.188457846465786 1.0
150 -2.574410274668456 0.25729781303732 6.252522666914992 1.0
151 -2.648689059499052 -0.6113485854903843 8.575381169144956 1.0
152 -2.4422876007529033 -0.7597444594832312 8.81924540353707 1.0
153 -2.3959284480657823 0.1867693109747537 6.352260285324824 1.0
154 2.515542032287008 -1.2176070800967393 6.499621551135569 1.0
155 2.6317843693515504 -1.2447692598199278 6.478993678235031 1.0
156 2.8400841994309864 -1.207544444983613 6.255470654353947 1.0
157 -2.645663942879817 0.4382767811342103 5.921506461482397 1.0
158 -2.292988989944962 0.1608015466813899 6.38846145830454 1.0
159 -2.568928955940633 -0.6827289237753559 8.829162973223385 1.0
160 2.367529849169877 -1.1280666819314478 6.408507078324975 1.0
161 -2.2788258191914514 -0.7787158944343937 8.919720256086013 1.0
162 -0.5414780076704021 -0.5452377233666937 7.051338489679082 1.0
163 -0.05120361367425994 -0.8012242854180942 7.406839629368551 1.0
164 0.34632195940661853 -0.777960562937768 7.092882656560868 1.0
165 -0.6550718845918422 -0.7504071573173277 7.801542363869053 1.0
166 1.1370777475998632 -0.6008886743044689 6.073352248993623 1.0
167 2.457619346469045 -1.0994618197645725 6.422834858368045 1.0
168 -0.47955128075523606 -0.8052122272868648 7.854948674947804 1.0
169 -2.1148376491172947 0.13241240656940345 6.620368988148956 1.0
170 -2.3877635886665813 0.303589020418664 6.411091255047865 1.0
171 2.544834067667122 -1.1251747803953902 6.530991784330699 1.0
172 2.6526917082327075 -1.1513158163086326 6.527770915586994 1.0
173 -2.6290755426323047 0.5327694253399385 5.990246247436115 1.0
174 -2.6536200110939956 0.44290486734019746 6.248546175723945 1.0
175 2.442004468492279 -1.076438451556865 6.507965056564277 1.0
176 -2.5203847242563566 0.41330953548202476 6.258897922838785 1.0
177 -2.2918497089893823 0.28770490740660354 6.421147105362568 1.0
178 -0.1604698466252858 -0.6913975434615657 7.4762184070436355 1.0
179 -0.037826875673046725 -0.713768123105991 7.473695247555772 1.0
180 0.1991551168819435 -0.7190991394884398 7.315385683525609 1.0
181 2.015264452460543 -0.9143706635748786 6.48709257589865 1.0
182 -2.415225372627402 0.33551273769071266 6.475500158377594 1.0
183 -0.5132961212296725 -0.405060464811879 7.064277582933459 1.0
184 2.5531021025236296 -1.0889023389294756 6.567645301197409 1.0
185 2.61238680029422 -1.092274073849132 6.534787608972312 1.0
186 2.670879498768174 -1.106201761594412 6.530125606102534 1.0
187 2.4787762340855166 -1.0088431026856306 6.439951212844058 1.0
188 2.7948116132807113 -1.0905469334742155 6.4254195255455935 1.0
189 -2.4905477136497964 -0.5672959090100225 9.024242489788522 1.0
190 0.39491600281605327 -0.6743335489928217 7.155055101377383 1.0
191 2.3684161618048556 -0.9695375647920681 6.454716909424209 1.0
192 2.9096723369669237 -1.0828748914952184 6.3468291386262 1.0
193 -2.3837671760002928 -0.5754729669741674 8.993448220226485 1.0
194 -0.012026268917005173 -0.6464452890471822 7.451358085514785 1.0
195 0.20956797901836402 -0.6608354336521804 7.366886167483952 1.0
196 -2.448364710589185 0.4649733789262094 6.379623453277743 1.0
197 -0.5706009194890916 -0.6204803565248567 7.930990988893448 1.0
198 -2.6037635217313184 0.5730865500316547 6.249958463890937 1.0
199 -2.0870651321181835 0.2715257783269349 6.723554066724357 1.0
200 0.0647600119400283 -0.6185754969593452 7.508071406977264 1.0
201 0.15237498057060112 -0.6110849885215627 7.417827382223853 1.0
202 1.9358940058137073 -0.804956081486122 6.611403992926068 1.0
203 2.1132592794056335 -0.8427940656349703 6.573896652635536 1.0
204 2.401393528681296 -0.8875783284374811 6.493529785521829 1.0
205 2.5053415691848513 -0.9257739029826154 6.520076288056549 1.0
206 2.5878423764465497 -0.9815946353354613 6.5913592643511345 1.0
207 2.8221829109982757 -0.9914917922228639 6.464936156119716 1.0
208 -2.5472549116404517 0.5356648584428312 6.384725677629063 1.0
209 -2.357443789133056 0.47637309036896264 6.431273690439152 1.0
210 -2.3300877805812603 0.44808686631267297 6.4800248816321036 1.0
211 -2.6254753603582857 -0.2539279436856216 8.868036298349061 1.0
212 -2.387334748160502 -0.369471326374275 9.001862442034321 1.0
213 -2.389099809843091 -0.42503556415758137 9.15529762211483 1.0
214 -1.6900053582368317 -0.34728749276510845 8.384970125149007 1.0
215 -1.2769738149721082 -0.2768856550272195 7.840783324501737 1.0
216 -0.3467951648863895 -0.5715379013254525 7.9615795136421585 1.0
217 2.055406353061007 -0.7482557934754587 6.586530847569992 1.0
218 -2.0954289292547106 0.37641258911385267 6.733734158065428 1.0
219 -2.2691360250015142 -0.4153046723957688 9.114055663090145 1.0
220 2.134243947886477 -0.7024363216937506 6.6366275712581055 1.0
221 -0.6989900260702191 -0.18588239543676371 7.420285559570479 1.0
222 -0.5314402953992686 -0.5286475741874661 8.273314597225289 1.0
223 1.991785876570231 -0.6664794962660365 6.650187998627608 1.0
224 2.0572277050147885 -0.6970625193626249 6.702385766284616 1.0
225 2.5770478681188815 -0.8139056591468607 6.639480494561757 1.0
226 -0.991875397015116 -0.15531387140957614 7.684488097768905 1.0
227 -0.6888073036461875 -0.26233506822124286 7.7904102783507065 1.0
228 2.7904931708701795 -0.8525661811189946 6.622372138932299 1.0
229 -2.4919741379930853 0.7504236964349424 6.457725859773383 1.0
230 -2.6122020143156117 -0.10458571362953804 8.987166531889068 1.0
231 -2.4663777168561953 -0.22285307053462278 9.231500883350419 1.0
232 1.9669209739727143 -0.6005608356240768 6.70775754196603 1.0
233 -2.2238770195655033 0.4154725373872671 7.208696245044018 1.0
234 -2.1906366493966978 0.3901969075750326 7.2570192097853825 1.0
235 -2.1018980840020505 -0.30574427800753684 9.2248147905899 1.0
236 2.2009545902517984 -0.6395465254993535 6.643790258480347 1.0
237 -2.399608449873639 0.7361702385180187 6.497613839531474 1.0
238 -2.638046227411385 0.005167027793289265 8.782464857510014 1.0
239 -2.2616282235384833 -0.2657242695691292 9.239829071104552 1.0
240 -0.87545216263977 -0.17884046648786617 7.885023017459939 1.0
241 1.054431230825534 -0.5772447588983808 7.456351292411577 1.0
242 1.315780953754874 -0.5090339459644975 7.026730432816609 1.0
243 1.5433337913444465 -0.4949492561285434 6.818077718715315 1.0
244 -0.39970331429432543 -0.4662777376654973 8.382854120505273 1.0
245 -0.708612605041922 -0.2683267771359701 8.081263429097548 1.0
246 -0.953800157550351 -0.12089742295194532 7.887974620230105 1.0
247 -0.1578166228704228 -0.4380954950856843 8.165957138508999 1.0
248 -1.2404214359847752 -0.133252287226778 8.233643625635494 1.0
249 -4.180334251424551 0.9819492443471072 7.413080249789039 1.0
250 -1.159738294203623 -0.15921667774783776 8.25091581133987 1.0
251 -0.911987608670502 -0.15590118901731012 8.028761007781874 1.0
252 -0.8383236701880977 -0.21835232186222125 8.115885583658153 1.0
253 0.11301114639070121 -0.3876480030364909 7.905753856750145 1.0
254 2.142314089665635 -0.6114275579584554 6.910504280826714 1.0
255 -2.5153459443434962 0.5562507892351799 7.428292993844179 1.0
256 1.864582206792022 -0.49217907265601935 6.8354222216150005 1.0
257 1.9581001724897416 -0.5656728689909614 6.9439766354576955 1.0
258 2.3138446796518 -0.5992314247961836 6.752726694128132 1.0
259 -0.8047088759172868 -0.15100365707651683 8.124526496616804 1.0
260 -2.5842255872356583 0.15772836922069336 8.748891640556161 1.0
261 -0.47524426771304973 -0.3486668137385213 8.486764429189908 1.0
262 0.40349532393680976 -0.4877205993527665 8.150033001538901 1.0
263 0.5795544045481256 -0.5038075337709813 8.017042143229746 1.0
264 -2.4027606507555297 -0.07412706822901155 9.296039351131887 1.0
265 -2.555755810630413 0.09198849549904044 8.985920824098423 1.0
266 -1.4993642804464087 -0.05810287761800188 8.505393054625351 1.0
267 -0.16080920725493586 -0.3462111748150455 8.266900895606723 1.0
268 -2.067926320965118 -0.12889163151366395 9.330446740890105 1.0
269 0.41758421772914295 -0.4347940122005937 8.15949409759222 1.0
270 2.068551540262285 -0.5211715363594343 6.965140089367979 1.0
271 1.699020042763186 -0.3874767321766413 6.949281832460225 1.0
272 1.815931719840547 -0.3917546119240761 6.882087596195066 1.0
273 1.9629226552614703 -0.45996976089299996 6.982987024960532 1.0
274 2.4209986868963496 -0.5274333794356495 6.759729640025465 1.0
275 2.631184148252787 -0.5986759132128365 6.769294977478614 1.0
276 2.892855754448115 -0.6177790332514475 6.593495414614422 1.0
277 -2.5169943799342875 0.530545851222214 7.880482636644756 1.0
278 -2.1168268408116337 -0.08153430993021399 9.411146360112964 1.0
279 -2.528121042785305 0.6669709897454554 7.5362597742011435 1.0
280 -2.2042554854320557 -0.06065259370288111 9.4385901575611 1.0
281 -2.3135177445068624 0.022276036258536355 9.406302366386802 1.0
282 -1.5414106393491929 -0.02115610998622331 8.81332592976347 1.0
283 -2.552239634385566 0.23820814677397467 8.985440324151467 1.0
284 -2.560445301008532 0.11589664065539595 9.362917980918363 1.0
285 -2.426615847780867 0.06329869425664163 9.423965798417548 1.0
286 -0.4920358792815903 -0.23994372584703316 8.642298859576524 1.0
287 1.8044043205519986 -0.3926164237205651 7.107072455724961 1.0
288 2.7830068521917246 -0.5737947877723987 6.804899192791796 1.0
289 -2.1803997823529904 -0.0012925716501130844 9.439952836417401 1.0
290 2.8595770241324123 -0.5722301001693053 6.768554290683356 1.0
291 -1.1896379968408097 -0.11425384242039141 8.988591639998267 1.0
292 0.026398838509011497 -0.28851667804149517 8.442219500698357 1.0
293 2.526586612977743 -0.44367460337833403 6.695426925443485 1.0
294 2.6605798058095322 -0.533098298079284 6.8397156196884605 1.0
295 3.0634889084983574 -0.5632697565834308 6.587780784913646 1.0
296 1.343040030040752 -0.38134336764579874 7.600580857818051 1.0
297 -4.234194536058701 1.1748818782850463 7.787221768540719 1.0
298 -4.133608846021205 1.1258390101112357 7.863580801210201 1.0
299 -2.4259431691690847 0.5702444586600433 8.047201943197457 1.0
300 -1.0609414849563297 -0.09864543620470768 8.869647395105313 1.0
301 -1.4807284715649862 0.016560572707961116 8.941038236173767 1.0
302 -0.9510846765794527 -0.09203696409050545 8.801782153872914 1.0
303 -0.7617396201923462 -0.10478786913240351 8.685321973879804 1.0
304 0.775017793000879 -0.3368192119736935 8.060222780928822 1.0
305 0.8925785443551735 -0.34966976719854154 8.014580645349065 1.0
306 1.071309303232733 -0.36056529495177697 7.896504554932615 1.0
307 -2.2970710593789025 0.11261122053088693 9.450393803726152 1.0
308 -0.07630286506888567 -0.20471567517331735 8.484257789240612 1.0
309 0.4190812977331006 -0.3196968759032928 8.380311242497479 1.0
310 0.5895620486486892 -0.3171450813483034 8.218087672957614 1.0
311 1.5264390165830843 -0.3684608235559811 7.561570860639959 1.0
312 1.9954546200905023 -0.37971840251632166 7.176965562316345 1.0
313 -2.5132727000707287 0.34407774705166483 8.991554430182806 1.0
314 -2.553143357105209 0.27777177298499667 9.229601967667861 1.0
315 -2.1681463645910917 0.0794039037453476 9.499915365568558 1.0
316 -0.20059118825656838 -0.14370216143169012 8.535303201541868 1.0
317 -4.197115882258903 1.1984661005144848 7.984730864441543 1.0
318 2.4432729487205127 -0.36187972863709683 6.867195340735216 1.0
319 -4.278492384373147 1.2552807869839582 7.871931241353546 1.0
320 -4.087604165164956 1.1602628822426444 8.044615967899984 1.0
321 2.2484752902077196 -0.3851561224121035 7.150820681484729 1.0
322 2.533714864010544 -0.37371658795780033 6.871266625177711 1.0
323 2.688871023087225 -0.4241952808796762 6.879657504816227 1.0
324 2.7973789477441464 -0.4585403990712879 6.886192425414262 1.0
325 2.9110773047692793 -0.45762736166543777 6.7884857434077155 1.0
326 0.5953253191884982 -0.2596637288671089 8.261123631430868 1.0
327 1.4343443555613782 -0.3102714195345557 7.6961382497966255 1.0
328 2.7575569728391667 -0.4312598531654928 6.842568736073505 1.0
329 -1.217389313031135 -0.023990270839964224 9.252682556546862 1.0
330 -0.5924434709423347 -0.10837614981102897 8.979850168467033 1.0
331 0.6970396563498688 -0.2584751080592035 8.296132174430122 1.0
332 0.8590356428710828 -0.2815605731398492 8.228642368594656 1.0
333 -2.4702952225433483 0.7490031378091093 8.055869603488594 1.0
334 -0.8599677681918138 0.04022598590060775 8.791217856146671 1.0
335 2.007451682653483 -0.3191025018539135 7.300910308450048 1.0
336 0.6135443384245404 -0.1994988348778622 8.24743285864255 1.0
337 -0.4141979541496055 -0.11761057432243886 8.984485757590845 1.0
338 -0.12642725821237963 -0.12199996248106285 8.768711400438745 1.0
339 0.24478158154140248 -0.23965168653206909 8.834030255877543 1.0
340 -0.8383631923047299 0.10879851701773728 8.792279156779937 1.0
341 0.6344686243176041 -0.1276938369039035 8.28781037024624 1.0
342 0.801530034184151 -0.18937574607651642 8.311422599593456 1.0
343 1.165963337808167 -0.28218139631767647 8.281962597445432 1.0
344 1.4069861418803868 -0.2573233443506257 7.986477072029273 1.0
345 1.6287235899564259 -0.31216476101272034 7.9252115641382925 1.0
346 -2.456634943092452 0.9785568016303589 7.659650514412347 1.0
347 -1.660572492821895 0.322839538319331 9.004076480265255 1.0
348 -1.3312176242928644 0.13211930636950128 9.308703710732445 1.0
349 -1.4494819829682095 0.2909050806192693 8.981034005946047 1.0
350 1.7739645869795417 -0.30547890639613273 7.867728747253107 1.0
351 2.8283471433038074 -0.31773809817228965 6.910961960774794 1.0
352 -0.7803455240192188 0.12000682478845479 8.942022305627047 1.0
353 1.9901122693694624 -0.2809186033270499 7.603682564027692 1.0
354 2.2349422776282477 -0.3066121482360435 7.445059708930707 1.0
355 2.6901587332742793 -0.28913394658726754 6.983457694889823 1.0
356 -4.160779073197331 1.3991563732508048 8.034831911248574 1.0
357 2.2940653583072423 -0.3063355384108089 7.4177531953374425 1.0
358 2.3715007006241784 -0.3073600726447464 7.369533180119654 1.0
359 -4.241583735561044 1.4574526317226808 7.931025979560179 1.0
360 -3.639692373318693 1.1374121494192282 8.502504328199036 1.0
361 -0.9736977535817218 0.1762475403081341 9.066693174544929 1.0
362 -0.07371819093620893 0.0096222311097376 8.769955046144435 1.0
363 -3.872767427074872 1.2482598681726733 8.362170300658406 1.0
364 -3.7288795759315687 1.2112958853288347 8.42627013388391 1.0
365 -0.42313112121854274 0.018778710823679705 9.18222868656522 1.0
366 3.1511883432244434 -0.26382314752371977 6.731726494410675 1.0
367 -0.8740687247818341 0.1798462425974858 9.170999431713343 1.0
368 0.9206658448103607 -0.07722606452746142 8.34125279115944 1.0
369 1.4477396428562073 -0.13924977241344239 8.021763418805632 1.0
370 -4.14006552883149 1.4937105515141995 8.060570122939902 1.0
371 -2.532131576346855 0.9040949445439986 8.475049670437755 1.0
372 -0.20555828251105412 0.05768574283564947 8.968665843407392 1.0
373 0.7428560002710618 -0.05542420069492591 8.44271685509489 1.0
374 -1.3583673176326068 0.27005529111616194 9.476269626682639 1.0
375 2.028056626564407 -0.1565922843256308 7.597378303227308 1.0
376 1.2136007600923 -0.13031561939832112 8.348263766977219 1.0
377 -0.608443422169561 0.1217329038756357 9.305842347321349 1.0
378 1.0238665219527512 -0.11297060257800198 8.514588627654012 1.0
379 1.8112884568855279 -0.17485322572565865 7.953168413636957 1.0
380 2.405910375990958 -0.18595966212700762 7.387617118988264 1.0
381 -1.1196150693534106 0.24500961179770173 9.515940661637735 1.0
382 1.2246250698676113 -0.08434136253551958 8.378615833802534 1.0
383 1.0329287393753044 -0.06945179158764445 8.540025509319742 1.0
384 1.629653610673512 -0.1321090306650059 8.155161186031787 1.0
385 -4.01762062889081 1.5575422425563579 8.173440036844772 1.0
386 2.274530087903697 -0.11536120996191566 7.564990728560563 1.0
387 0.8345212732331857 -0.011343867915112346 8.664159439841828 1.0
388 1.4454008518012729 -0.07633825677672146 8.296160486825121 1.0
389 1.2679644247388038 -0.043243787921152264 8.46466762558949 1.0
390 2.0437601813127944 -0.11266202911874379 7.886914259235705 1.0
391 -3.4577136786053138 1.3269746176315291 8.59540823754305 1.0
392 2.508925447663396 -0.10691144457320191 7.4408061065628575 1.0
393 -3.361194805564387 1.2778945047393184 8.75160570991706 1.0
394 -4.220604652899095 1.5728928074676192 8.779562988713849 1.0
395 1.03479855780953 0.035841700249977584 8.695805414383479 1.0
396 -3.6702300788878617 1.4894833257079167 8.550222325227127 1.0
397 2.525187969686353 -0.029265045576082525 7.500998455080278 1.0
398 1.9490675887080573 -0.08431498173097117 8.43616547190113 1.0
399 2.7421664232766787 -0.04638714786156389 7.504720554255172 1.0
400 -3.1854420990132457 1.4475059978579898 8.819105593192901 1.0
401 -3.5744041741297505 1.65273448433518 8.725420885748076 1.0
402 -3.4169083932473403 1.5851430518215404 8.79993793969491 1.0
403 -4.259999813155556 0.873968392791497 12.367129584498375 1.0
404 -3.2895503181719894 1.5713672246937724 8.807913892387306 1.0
405 -4.098737160705978 0.7971517714418014 12.825748341183989 1.0
406 -3.461201486398758 1.7003834668462523 8.928984840559012 1.0
407 -4.279570476255033 1.0725499588145193 12.416281550937823 1.0
408 -4.2939300303330485 1.006290856030404 12.685355819367366 1.0
409 -4.159799599274758 0.9557887286343744 12.729535737558832 1.0
410 -3.95911088542154 0.9989270625474879 12.75310913797912 1.0
411 2.3784101913824482 -0.38662465035079385 10.639934754217538 1.0
412 -3.94422498926368 0.9051467882951759 13.105269725777493 1.0
413 -3.9202162294291543 0.9838462658344456 13.085628675704564 1.0
414 -4.2563547093938405 1.179335678394003 12.770851256135414 1.0
415 -3.998865598017436 1.0377003671397311 13.041189090364446 1.0
416 -3.9328054704530193 0.8805931313011783 13.958910324205487 1.0
417 -0.9429952832241628 -0.2090412889943347 14.737978243071293 1.0
418 -4.357466458019603 1.168183029148331 13.563848243866632 1.0
419 -3.7768046881834474 0.54296426072012 15.288418333263303 1.0
420 -2.2515278259734464 0.13271816504525688 15.03212866756024 1.0
421 -3.677246845756644 0.8262781889401375 14.733421530911283 1.0
422 -3.7323246488539867 0.9092193200684102 14.479836367619423 1.0
423 -3.691433969156138 0.7693931379389358 15.048443732355482 1.0
424 -4.240900762327317 1.161486333064484 14.226999980417034 1.0
425 -4.2242517231311645 1.1223614761080525 14.36404133182497 1.0
426 -3.515481648369567 0.7151081083192603 15.070043917884748 1.0
427 -3.957044035424772 1.0856112021905528 14.743480350435275 1.0
428 -3.865962025777614 0.9096562560009029 15.347839591696378 1.0
429 -3.5868609850770428 0.7852294089056234 15.549757588184049 1.0
430 -4.014113966899717 0.7810685047182923 17.215168424129015 1.0
431 -3.68487906780903 0.43494475295450485 18.27573605414603 1.0
432 -1.711502958605729 0.4219349292074421 15.61250530079257 1.0
